H#
-------------------------------------------------------
19.04
72.21
99738.19
48.00
0.00
0.00
WN

19.05
72.08
99733.02
48.10
0.56
0.00
WN

19.07
71.94
99730.28
48.20
0.00
0.00
WN

19.09
71.91
99730.28
48.00
0.00
0.00
WN

19.09
71.69
99737.06
48.00
0.14
0.00
WN

19.11
71.71
99730.99
48.00
0.00
0.00
W

19.18
72.67
99735.80
48.10
0.00
0.00
WNW

19.23
72.07
99733.02
48.10
0.00
0.00
WNW

19.24
71.75
99732.08
48.30
0.98
1.60
W

19.35
74.74
99732.45
48.20
0.00
0.00
W

H#
-------------------------------------------------------
19.17
71.82
99734.14
47.80
0.00
0.00
W

19.16
71.60
99732.45
47.80
0.00
0.00
W

19.18
71.80
99725.44
47.90
0.98
0.00
W

19.17
71.80
99725.52
48.00
0.00
0.00
W

19.17
71.70
99728.11
48.30
0.00
0.00
W

19.18
71.68
99729.80
48.50
0.00
0.00
W

19.19
71.66
99731.48
48.50
0.00
0.00
W

19.21
H#
-------------------------------------------------------
19.26
71.40
99728.59
48.20
0.00
0.00
W

19.28
71.39
99724.20
48.20
0.00
0.00
W

19.30
71.71
99734.41
48.20
0.00
0.00
W

19.33
71.37
99729.16
48.20
0.00
0.00
W

19.31
71.27
99728.40
48.10
0.00
0.00
W

19.36
71.27
99724.76
48.10
0.00
0.00
W

19.35
H#
-------------------------------------------------------
19.42
70.81
99729.56
48.30
0.28
0.00
W

19.43
70.79
99729.56
48.40
0.00
0.00
W

19.42
H#
-------------------------------------------------------
19.38
71.88
99730.61
48.50
0.00
0.00
W

19.37
71.89
99727.20
48.50
0.00
0.00
W

H#
-------------------------------------------------------
19.75
61.14
99975.95
48.00
0.00
0.00
WN

19.80
61.07
99978.29
48.00
0.00
0.00
WN

19.77
61.27
99975.81
48.10
0.00
0.00
WN

19.72
60.07
99975.23
48.20
0.00
0.00
WN

19.61
59.89
99983.40
48.40
0.00
0.00
WN

19.56
59.90
99973.25
48.20
0.00
0.00
WN

19.60
60.06
99974.80
48.40
0.00
0.00
WN

19.58
60.21
99977.53
48.70
1.68
0.00
WN

19.57
60.09
99979.26
48.70
0.42
0.00
WN

19.57
H#
-------------------------------------------------------
19.11
62.87
99988.97
48.30
0.00
0.00
WN

19.07
H#
-------------------------------------------------------
19.07
63.90
99997.77
48.50
0.14
0.00
WN

19.08
H#
-------------------------------------------------------
19.07
63.63
99994.34
48.80
0.00
0.00
WN

19.06
63.43
99990.86
48.70
0.56
0.00
WN

19.06
H#
-------------------------------------------------------
19.11
62.87
99981.14
48.50
3.51
0.00
WN

19.10
62.75
99985.55
48.50
0.42
0.00
WN

19.11
63.08
99988.91
48.50
0.00
0.00
WN

19.15
H#
-------------------------------------------------------
19.18
63.03
99990.36
48.50
0.00
0.00
WN

19.19
63.01
99984.31
48.50
1.54
0.00
WN

H#
-------------------------------------------------------
19.20
63.08
99979.07
48.50
0.00
0.00
WN

19.22
63.13
99985.04
48.60
0.00
0.00
WN

19.23
H#
-------------------------------------------------------
19.25
63.01
99994.36
48.40
0.00
0.00
WN

19.26
63.03
99985.77
48.40
0.00
0.00
WN

19.27
63.00
99983.11
48.30
3.37
0.00
WN

H#
-------------------------------------------------------
19.22
62.43
99976.38
48.40
0.00
0.00
WN

19.18
H#
-------------------------------------------------------
19.16
62.77
99982.76
48.40
0.00
0.00
WN

19.10
62.67
99979.48
48.60
0.00
0.00
WN

19.13
H#
-------------------------------------------------------
18.65
66.13
99960.61
47.80
0.00
0.00
WN

18.65
66.02
99967.50
48.00
1.96
0.00
WN

18.66
65.92
99963.20
48.10
0.00
0.00
WN

18.66
H#
-------------------------------------------------------
18.73
H#
-------------------------------------------------------
18.73
65.62
99975.73
48.50
0.00
0.00
WN

18.77
65.11
99972.19
48.70
0.00
0.00
WN

18.78
65.22
99973.05
48.60
0.00
0.00
WN

18.80
H#
-------------------------------------------------------
18.87
65.16
99970.10
48.30
0.00
0.00
WN

18.90
64.73
99976.07
48.30
0.14
0.00
WN

18.88
H#
-------------------------------------------------------
18.94
64.94
99975.84
48.30
0.70
0.00
WN

18.95
64.94
99981.84
48.30
0.42
0.00
WN

19.00
64.46
99974.74
48.30
0.00
0.00
WN

19.03
64.13
99972.08
48.30
0.14
0.00
WN

H#
-------------------------------------------------------
19.08
H#
-------------------------------------------------------
19.09
63.80
99970.09
48.50
0.00
0.00
WN

19.09
H#
-------------------------------------------------------
18.50
65.65
99997.39
47.70
0.00
0.00
WN
H#
-------------------------------------------------------
18.50
65.42
99993.02
48.10
0.00
0.00
WN
H#
-------------------------------------------------------
18.51
65.27
99985.27
48.10
0.00
0.00
WN

18.52
65.29
99988.67
48.30
0.00
0.00
WN

18.50
H#
-------------------------------------------------------
17.48
65.56
99957.99
48.10
0.00
0.00
WN

17.48
65.61
99957.99
48.20
1.40
0.00
WN

17.49
65.67
99955.41
48.30
0.00
0.00
WN

17.50
66.00
99955.36
48.30
0.00
0.00
WN

17.50
66.00
99956.22
48.50
0.42
0.00
WN

H#
-------------------------------------------------------
17.60
65.61
99948.98
48.10
0.00
0.00
WN

17.59
H#
-------------------------------------------------------
17.64
65.91
99951.45
48.10
0.14
0.00
WN

17.63
H#
-------------------------------------------------------
17.63
66.12
99943.77
48.30
0.00
0.00
WN

17.63
66.04
99946.28
48.50
0.00
1.60
W

17.71
67.82
99951.13
48.60
0.28
0.00
WSW

17.75
65.54
99945.84
48.60
0.00
9.60
WN

17.78
65.80
99955.22
48.70
0.00
13.60
WSW

17.79
65.87
99949.17
48.70
0.00
5.60
WSW

17.82
65.73
99952.46
48.80
0.56
0.00
WN

17.84
66.09
99946.41
48.80
0.00
0.80
WNW

17.86
65.38
99948.88
48.70
2.95
0.00
ENE

17.91
H#
-------------------------------------------------------
17.93
64.33
99951.27
48.20
0.00
0.00
E

17.92
64.54
99946.11
48.20
0.14
0.00
E

17.95
64.42
99947.73
48.30
0.00
0.00
E

17.96
64.28
99955.48
48.30
0.00
0.00
E

17.98
64.09
99951.95
48.30
0.00
0.00
E

18.01
64.11
99951.83
48.30
0.00
0.00
E

18.03
64.25
99944.91
48.30
0.00
0.00
E

18.02
64.40
99957.00
48.20
0.28
0.00
E

18.04
64.15
99949.19
48.30
0.00
0.00
E

18.05
H#
-------------------------------------------------------
18.09
63.65
99948.11
48.30
0.14
0.00
E

18.10
63.34
99952.39
48.40
0.00
0.00
E

18.09
63.47
99952.39
48.40
0.00
0.00
E

18.10
63.13
99955.80
48.50
0.14
0.00
E

18.09
63.13
99947.22
48.40
0.00
0.00
E

18.12
63.35
99950.57
48.40
0.00
0.00
E

18.10
63.58
99949.80
48.40
0.00
0.00
E

18.09
63.59
99953.28
48.40
0.00
0.00
E

18.06
63.70
99950.76
48.40
0.00
0.00
E

18.08
H#
-------------------------------------------------------
19.74
68.58
99224.61
48.00
0.00
0.00
WN

19.75
68.27
99227.11
48.10
0.00
0.00
WN

19.76
68.11
99225.34
48.10
0.00
0.00
WN

19.79
H#
-------------------------------------------------------
20.70
63.45
99219.96
48.00
2.95
0.00
WN

20.69
H#
-------------------------------------------------------
19.57
67.94
100335.92
48.10
0.00
0.00
WN

19.59
67.75
100334.10
48.20
0.00
0.00
WN

19.60
H#
-------------------------------------------------------
19.70
67.73
100340.58
48.40
0.00
0.00
WN

19.73
67.77
100337.03
48.50
0.00
0.00
WN

19.76
H#
-------------------------------------------------------
19.83
67.46
100340.97
48.40
0.00
0.00
WN

19.84
67.49
100342.60
48.50
2.52
0.00
WN

H#
-------------------------------------------------------
19.86
67.92
100335.69
48.60
0.00
0.00
WN

19.88
67.36
100342.54
48.60
0.28
0.00
WN

19.90
67.41
100332.97
48.60
0.00
0.00
WN

19.90
67.51
100338.92
48.60
0.28
0.00
WN

19.91
67.54
100338.09
48.70
0.56
0.00
WN

19.92
67.54
100342.38
48.70
0.00
0.00
WN

19.95
67.29
100337.97
48.70
0.00
0.00
WN

19.94
67.33
100338.89
48.70
0.00
0.00
WN

19.95
66.79
100338.83
48.80
0.00
0.00
WN

WN
H#
-------------------------------------------------------
20.00
67.02
100337.73
49.00
0.00
0.00
WN

20.02
67.17
100341.09
48.90
2.24
0.00
WN

20.03
67.14
100339.37
49.00
0.00
0.00
WN

20.02
67.07
100341.16
48.90
0.00
0.00
WN

20.03
66.97
100348.88
48.80
0.00
0.00
WN

20.03
67.17
100341.96
48.80
0.00
0.00
WN

20.05
66.94
100340.20
48.80
0.00
0.00
WN

20.05
66.88
100343.59
48.80
0.14
0.00
WN

20.05
66.65
100348.78
48.70
0.00
0.00
WN

WN
H#
-------------------------------------------------------
20.09
66.90
100340.00
48.60
0.56
0.00
WN

20.10
66.62
100334.79
48.60
0.00
0.00
WN

20.09
66.59
100345.16
48.50
0.00
0.00
WN

20.10
66.92
100341.70
48.40
0.00
0.00
WN

20.11
66.47
100339.05
48.30
0.42
0.00
WN

20.10
66.62
100337.31
48.30
0.00
0.00
WN

20.10
66.08
100344.23
48.30
0.14
0.00
WN

20.12
66.73
100345.03
48.30
0.00
0.00
WN

20.13
66.01
100341.61
48.30
0.42
0.00
WN

WN
H#
-------------------------------------------------------
20.16
66.20
100337.98
48.30
0.28
0.00
WN

20.19
65.95
100345.63
48.30
0.00
0.00
WN

20.18
66.39
100343.94
48.40
0.42
0.00
WN

20.20
66.59
100346.47
48.40
0.00
0.00
WN

20.19
66.49
100343.04
48.30
0.00
0.00
WN

20.20
66.41
100343.04
48.30
0.00
0.00
WN

20.21
66.60
100347.33
48.30
0.00
0.00
WN

20.22
66.31
100341.21
48.40
0.00
0.00
WN

20.22
66.75
100344.67
48.40
0.00
0.00
WN

H#
19.88
H#
19.88
52.24
100034.11
47.80
0.00
0.00
W
0.00
19.88
52.08
100032.31
47.80
0.28
0.00
W
0.00
19.88
52.05
100035.80
47.90
0.28
0.00
W
0.00
H#
19.89
51.89
100028.81
47.80
0.56
0.00
W
H#
19.91
51.97
100030.48
47.80
0.00
0.00
W
0.00
19.92
51.79
100030.48
47.80
1.96
0.00
W
0.00
19.91
51.68
100032.17
47.90
0.00
0.00
W
0.00
19.92
51.63
100031.34
47.90
0.00
0.00
W
0.00
19.96
51.76
100038.07
48.00
0.00
0.00
W
0.00
19.97
H#
H#
19.99
51.40
100032.74
48.00
0.00
0.00
W
0.00
19.99
51.21
100036.16
48.00
0.00
0.00
W
0.00
20.02
H#
20.01
51.04
100032.67
47.80
0.00
0.00
W
0.00
20.02
H#
H#
19.94
51.17
100045.92
47.80
0.42
0.00
W
0.00
19.92
H#
19.93
51.32
100037.35
47.80
0.00
0.00
W
0.00
19.93
51.46
100046.82
47.90
0.00
0.00
W
0.00
19.95
H#
19.99
51.95
100045.70
47.80
0.00
0.00
H#
19.90
H#
19.88
51.92
100046.17
47.80
0.00
0.00
W
0.00
19.89
52.02
100047.03
47.90
0.00
0.00
W
0.00
19.90
52.00
100047.86
47.90
0.00
0.00
W
0.00
19.91
H#
19.88
52.40
100049.66
47.70
0.28
0.00
W
0.00
19.88
H#
19.90
52.54
100056.40
48.00
0.00
0.00
W
0.00
19.92
52.27
100051.21
48.00
0.14
0.00
W
0.00
19.94
H#
19.94
52.11
100054.59
48.10
0.00
0.00
W
0.00
19.97
52.07
100050.13
48.10
0.00
0.00
W
0.00
19.99
52.15
100055.31
48.10
0.56
0.00
W
0.00
20.01
H#
22.04
52.85
99814.92
47.60
0.14
0.00
W
0.00
22.04
52.72
99807.97
47.70
0.00
0.00
W
0.00
22.07
52.66
99814.77
47.70
0.00
0.00
W
0.00
22.05
52.49
99812.31
47.70
0.00
0.00
W
0.00
22.07
52.45
99811.22
47.80
0.00
0.00
W
0.00
22.11
52.32
99811.06
47.80
0.00
0.00
W
0.00
22.15
52.32
99806.41
47.80
1.68
0.00
W
0.00
22.15
52.30
99812.47
47.80
0.70
0.00
W
0.00
0.00
H#
22.33
51.03
99808.06
47.90
0.00
0.00
W
0.00
22.31
50.91
99812.51
47.90
0.00
0.00
W
0.00
22.36
50.95
99813.12
48.00
2.24
0.00
W
0.00
22.36
50.98
99814.80
48.00
0.00
0.00
W
0.00
22.33
50.82
99821.91
48.00
0.00
0.00
W
0.00
22.34
50.81
99813.21
48.00
0.00
0.00
W
0.00
22.36
H#
31.61
70.46
99779.58
48.40
0.00
0.00
W
0.00
31.78
69.72
99813.09
48.50
0.00
0.00
W
0.00
31.89
69.83
99824.39
48.20
0.00
0.00
W
0.00
26.53
40.46
99809.88
48.00
0.00
0.00
W
0.00
24.79
44.01
99819.98
48.00
0.00
0.00
W
0.00
24.04
45.99
99819.59
48.00
0.00
0.00
W
0.00
23.56
47.25
99817.47
48.00
0.00
0.00
W
0.00
23.26
47.98
99819.09
48.00
0.00
0.00
W
0.00
0.00
H#
22.73
49.19
99824.73
48.10
0.00
0.00
W
0.00
22.78
49.29
99821.95
48.10
0.00
0.00
W
0.00
22.74
49.45
99823.98
48.10
0.28
0.00
W
0.00
22.71
49.51
99823.15
48.10
0.00
0.00
W
0.00
22.67
49.53
99821.66
48.10
0.00
0.00
W
0.00
22.62
49.50
99815.14
48.10
0.00
0.00
W
0.00
22.68
49.37
99816.55
48.10
0.28
0.00
W
0.00
22.64
49.14
99818.48
48.10
0.00
0.00
W
0.00
0.00
H#
24.56
36.97
100046.66
47.40
0.00
0.00
W
0.00
24.58
36.36
100049.20
47.50
0.00
0.00
W
0.00
24.61
35.90
100047.25
47.60
0.00
0.00
W
0.00
24.66
35.48
100047.80
47.60
0.00
0.00
W
0.00
24.72
35.94
100043.95
47.60
0.28
0.00
W
0.00
24.75
35.85
100042.92
47.70
0.00
0.00
W
0.00
24.76
34.92
100045.44
47.70
0.00
0.00
W
0.00
24.78
34.85
100042.61
47.70
0.00
0.00
W
0.00
W
H#
24.83
34.05
100045.05
47.80
0.00
0.00
W
0.00
24.82
33.87
100045.05
47.80
0.28
0.00
W
0.00
24.86
34.14
100038.80
47.80
0.00
0.00
W
0.00
24.88
34.91
100043.81
47.80
0.00
0.00
W
0.00
24.90
34.21
100038.38
47.80
0.14
0.00
W
0.00
24.92
33.94
100044.36
47.80
0.00
0.00
W
0.00
24.91
H#
24.92
33.35
100039.20
47.80
0.00
0.00
W
0.00
24.96
33.73
100039.85
47.80
0.00
0.00
W
0.00
24.98
33.39
100036.20
47.90
0.00
0.00
W
0.00
25.02
33.38
100039.47
47.90
0.00
0.00
W
0.00
25.05
33.14
100041.88
47.90
0.14
0.00
W
0.00
25.06
33.01
100039.26
47.90
0.00
0.00
W
0.00
25.11
33.04
100039.80
47.90
0.00
0.00
W
0.00
25.09
H#
25.15
33.11
100035.94
47.90
0.00
0.00
W
0.00
25.16
33.16
100042.92
47.90
0.28
0.00
W
0.00
25.17
32.89
100037.63
47.90
0.00
0.00
W
0.00
25.17
32.72
100042.85
47.90
0.14
0.00
W
0.00
25.21
32.58
100036.38
47.90
0.42
0.00
W
0.00
25.22
32.79
100034.69
47.90
0.00
0.00
W
0.00
25.25
32.45
100041.39
47.90
0.00
0.00
W
0.00
25.27
33.05
100038.67
48.00
0.00
0.00
W
0.00
W
H#
25.37
32.17
100038.92
48.00
0.00
0.00
W
0.00
25.36
32.02
100039.95
48.00
0.00
0.00
W
0.00
25.35
32.03
100038.20
48.00
0.00
0.00
W
0.00
25.35
32.38
100048.66
48.00
0.00
0.00
W
0.00
25.36
32.01
100041.64
48.00
0.00
0.00
W
0.00
25.34
31.98
100038.31
48.00
0.00
0.00
W
0.00
25.33
31.89
100039.13
48.00
0.00
0.00
W
0.00
25.29
31.72
100037.63
48.00
0.00
0.00
W
0.00
W
H#
25.34
32.51
100040.81
48.00
0.00
0.00
W
0.00
25.36
32.97
100040.81
48.10
0.98
0.00
W
0.00
25.33
33.25
100039.13
48.10
0.00
0.00
W
0.00
25.34
33.32
100041.64
48.00
0.00
0.00
W
0.00
25.34
33.13
100035.69
48.10
0.00
0.00
W
0.00
25.34
33.25
100041.64
48.10
0.00
0.00
W
0.00
25.39
33.07
100041.35
48.10
0.00
0.00
W
0.00
25.39
33.19
100031.94
48.10
0.00
0.00
W
0.00
W
H#
25.46
33.59
100041.86
48.10
0.00
0.00
W
0.00
25.45
32.88
100029.75
48.10
0.00
0.00
W
0.00
25.47
33.24
100039.06
48.10
0.00
0.00
W
0.00
25.49
32.98
100042.50
48.10
0.00
0.00
W
0.00
25.47
33.07
100039.13
48.10
0.14
0.00
W
0.00
25.50
32.11
100041.56
48.10
0.00
0.00
W
0.00
25.51
32.13
100042.39
48.10
0.00
0.00
W
0.00
25.46
32.46
100043.64
48.10
2.66
0.00
W
0.00
W
H#
25.42
32.38
100041.24
48.10
0.00
0.00
W
0.00
25.41
32.74
100035.16
48.10
0.28
0.00
W
0.00
25.41
32.68
100037.77
48.10
0.00
0.00
W
0.00
25.46
32.45
100035.69
48.10
1.82
0.00
W
0.00
25.45
33.62
100044.47
48.10
0.14
0.00
W
0.00
25.42
31.98
100039.45
48.10
0.70
0.00
W
0.00
25.38
31.92
100037.98
48.10
0.00
0.00
W
0.00
25.40
32.02
100034.33
48.10
0.00
0.00
W
0.00
W
H#
25.30
32.45
100032.41
48.10
0.00
0.00
W
0.00
25.29
33.21
100035.95
48.10
0.00
0.00
W
0.00
25.31
32.90
100029.68
48.10
0.00
0.00
W
0.00
25.37
32.69
100032.01
48.10
0.00
0.00
W
0.00
25.37
33.44
100040.60
48.10
0.00
0.00
W
0.00
25.32
32.33
100034.80
48.10
0.00
0.00
W
0.00
25.30
33.52
100035.02
48.10
0.00
0.00
W
0.00
25.33
33.35
100032.19
48.20
0.00
0.00
W
0.00
W
H#
25.32
32.78
100034.80
48.20
0.00
0.00
W
0.00
25.40
32.86
100027.42
48.20
0.14
0.00
W
0.00
25.42
32.19
100033.30
48.20
0.14
0.00
W
0.00
25.40
H#
25.44
31.80
100031.39
48.20
0.00
0.00
W
0.00
25.41
31.79
100029.93
48.20
0.00
0.00
W
0.00
25.41
32.11
100026.48
48.20
0.28
0.00
W
0.00
25.44
32.07
100024.52
48.20
0.00
0.00
W
0.00
25.42
32.10
100028.06
48.20
0.00
0.00
W
0.00
25.39
31.98
100026.59
48.20
0.00
0.00
W
0.00
25.42
31.93
100024.70
48.20
0.00
0.00
W
0.00
25.45
32.31
100027.84
48.20
0.00
0.00
W
0.00
W
H#
25.47
32.10
100016.45
48.20
0.00
0.00
W
0.00
25.45
32.29
100022.62
48.20
0.00
0.00
W
0.00
25.42
31.98
100021.98
48.20
0.00
0.00
W
0.00
25.42
32.32
100022.94
48.20
0.28
0.00
W
0.00
25.48
32.37
100020.75
48.20
0.00
0.00
W
0.00
25.49
31.83
100027.63
48.20
0.00
0.00
W
0.00
25.49
31.74
100017.17
48.20
0.00
0.00
W
0.00
25.45
31.90
100020.11
48.20
0.00
0.00
W
0.00
W
H#
25.45
31.62
100027.13
48.20
0.00
0.00
W
0.00
25.40
31.45
100025.66
48.20
0.00
0.00
W
0.00
25.44
31.53
100017.61
48.20
0.28
0.00
W
0.00
25.45
32.00
100026.16
48.20
0.14
0.00
W
0.00
25.49
31.58
100018.86
48.20
0.70
0.00
W
0.00
25.50
31.57
100024.91
48.20
0.42
0.00
W
0.00
25.55
31.73
100017.70
48.20
1.68
0.00
W
0.00
W
H#
H#
28.33
38.11
99323.31
47.60
0.00
0.00
W
0.00
28.34
38.49
99323.98
47.60
0.00
0.00
W
0.00
28.34
38.54
99323.98
47.60
0.00
0.00
W
0.00
28.35
38.61
99320.41
47.70
0.00
0.00
W
0.00
0.00
H#
H#
29.32
34.92
99314.91
47.50
0.42
0.00
WNW
0.00
29.21
35.84
99319.48
47.50
0.00
0.00
WNW
0.00
29.15
36.08
99316.61
47.60
0.00
0.00
WNW
0.00
29.02
36.45
99318.63
47.60
1.40
0.00
WNW
0.00
29.07
35.69
99317.20
47.70
0.00
0.00
WNW
0.00
29.10
35.38
99315.25
47.70
0.00
0.00
WNW
0.00
29.10
35.46
99315.25
47.70
0.00
0.00
WNW
0.00
29.04
35.17
99317.47
47.80
0.14
0.00
WNW
0.00

28.94
34.88
99323.89
47.80
0.00
0.00
WNW
0.00
28.87
34.97
99317.27
47.80
0.42
0.00
WNW
0.00
28.87
34.43
99321.84
47.80
1.96
0.00
WNW
0.00
28.89
34.51
99317.27
47.80
0.00
0.00
WNW
0.00
28.86
33.58
99322.67
47.80
0.00
0.00
WNW
0.00
28.88
34.02
99321.70
47.80
0.00
0.00
WNW
0.00
28.84
33.51
99322.00
47.80
0.00
0.00
WNW
0.00
28.85
33.23
99322.81
47.80
0.00
0.00
WNW
0.00

0.00
